pH	lat	long	soil	texture	age	tempsum	NH4	NO3	s
4.32	60.48	12.64	3	4	7	0.3	194.29273134	306.15348369	229.47762358
4.07	60.52	12.82	3	5	45	0.36	156.7963903	260.97510477	194.24294402
3.94	60.45	13.37	3	4	10	0.36	171.40368538	293.20253879	213.25432715
4.04	60.45	13.37	3	4	55	0.38	171.40368538	293.20253879	213.25432715
5.13	60.88	12.42	3	5	30	0.23	168.10526391	256.37730515	205.05847497
4.01	60.93	12.6	3	3	5	0.21	168.10526391	256.37730515	205.05847497
3.64	61.78	12.94	2	4	95	0.22	92.327243391	155.48273326	102.93466396
3.8	62.07	14.11	2	5	65	0.27	94.968836343	163.7930419	104.68111648
4.98	62.13	14.35	3	5	38	0.22	94.968836343	163.7930419	104.68111648
3.77	62.12	14.35	3	4	12	0.23	94.968836343	163.7930419	104.68111648
3.61	62.3	14.82	3	6	27	0.3	78.419613471	145.85876759	89.961016685
4.46	63.06	14.54	3	6	7	0.21	83.588568328	113.90263231	70.937158896
5.38	63.12	14.3	2	6	85	0.25	83.588568328	113.90263231	70.937158896
4.83	63.51	14.28	3	6	175	0.21	70.980316563	118.971635	72.883205988
4.84	60.1	14.66	3	5	105	0.39	198.10519252	337.62413702	222.66022143
3.52	60.1	14.66	3	5	105	0.39	198.10519252	337.62413702	222.66022143
3.97	60.49	13.55	3	4	55	0.3	162.87919353	284.39246932	185.15515359
3.79	60.54	13.73	3	4	85	0.33	162.87919353	284.39246932	185.15515359
3.36	60.56	14.64	3	5	75	0.31	143.27429016	247.73858225	162.78184937
4.15	60.6	14.82	3	4	17	0.38	143.27429016	247.73858225	162.78184937
4.57	60.9	13.34	3	5	14	0.26	130.55180735	223.07895507	148.74785592
4.12	60.89	13.34	3	7	155	0.21	130.55180735	223.07895507	148.74785592
3.13	60.94	13.52	3	5	95	0.23	130.55180735	223.07895507	148.74785592
3.61	61	13.7	2	5	85	0.26	130.55180735	223.07895507	148.74785592
3.57	61.05	13.88	3	5	105	0.3	130.55180735	223.07895507	148.74785592
5.03	61.04	13.88	3	5	115	0.31	130.55180735	223.07895507	148.74785592
3.53	61.04	13.88	3	5	115	0.31	130.55180735	223.07895507	148.74785592
3.48	61.3	13.12	3	5	125	0.27	137.43422791	215.46831159	157.12459068
3.88	61.29	13.12	1	6	55	0.32	137.43422791	215.46831159	157.12459068
3.25	61.35	13.3	2	5	105	0.26	137.43422791	215.46831159	157.12459068
3.48	61.32	14.05	3	5	145	0.28	120.39952309	207.5720905	136.63496024
3.76	61.31	14.05	3	5	12	0.32	120.39952309	207.5720905	136.63496024
3.6	61.51	14.79	3	5	45	0.35	103.67895364	185.6825662	122.71323873
3.67	61.5	14.79	3	4	95	0.38	103.67895364	185.6825662	122.71323873
3.71	61.32	14.99	3	5	10	0.36	103.67895364	185.6825662	122.71323873
3.93	62.03	14.74	3	5	5	0.3	91.527626065	158.85254914	91.376890691
5.06	62.49	14.47	3	5	12	0.23	76.249223586	128.79550501	72.883205988
4.18	62.49	14.47	3	5	12	0.23	76.249223586	128.79550501	72.883205988
3.81	63.29	13.94	3	6	135	0.26	80.67567664	106.59184533	60.408545143
4.48	63.28	13.94	3	5	38	0.25	80.67567664	106.59184533	60.408545143
6.18	63.38	14.43	3	7	135	0.22	80.67567664	106.59184533	60.408545143
4.11	60.3	12.66	3	5	25	0.38	177.55788301	285.50622202	169.0004678
4.78	60.37	13.74	3	5	19	0.35	154.35470168	275.58239985	157.05598004
3.45	60.37	13.74	3	5	19	0.35	154.35470168	275.58239985	157.05598004
4.1	60.29	14.29	3	5	125	0.38	187.6958884	327.62892045	188.11788554
3.71	60.39	13.01	3	5	19	0.36	138.14817195	242.38400194	141.15078746
3.49	60.42	13.92	3	6	85	0.39	154.35470168	275.58239985	157.05598004
4.95	60.41	13.92	3	4	13	0.36	154.35470168	275.58239985	157.05598004
3.86	60.41	13.92	3	4	13	0.36	154.35470168	275.58239985	157.05598004
3.62	60.81	13.71	2	4	135	0.31	123.01255828	215.03994517	126.64899423
3.93	60.78	14.45	3	5	31	0.31	136.22052304	239.67101459	138.74941525
3.69	61.27	13.68	3	4	145	0.23	123.01255828	215.03994517	126.64899423
3.49	61.26	13.68	3	6	115	0.23	123.01255828	215.03994517	126.64899423
3.67	61.3	12.93	2	5	105	0.22	128.79550501	207.68632155	132.38733822
3.52	61.33	14.8	3	4	125	0.23	115.80172346	201.6891916	119.03945111
3.56	61.32	14.8	3	5	75	0.25	115.80172346	201.6891916	119.03945111
3.33	62.16	14.16	2	4	105	0.26	81.88938151	138.94778927	78.37205676
3.71	62.25	14.15	2	5	135	0.22	81.88938151	138.94778927	78.37205676
4.01	62.35	14.63	3	3	115	0.31	74.678546696	126.46804743	68.548261344
5.09	63.16	14.1	2	6	135	0.21	80.932696495	106.54900869	57.433338531
5.6	63.24	14.59	3	7	38	0.21	80.932696495	106.54900869	57.433338531
3.63	60.57	12.63	3	4	55	0.21	142.83164486	240.81332505	134.33338531
4.19	60.56	12.63	2	4	115	0.3	142.83164486	240.81332505	134.33338531
3.57	60.67	12.99	3	4	10	0.33	142.83164486	240.81332505	134.33338531
3.92	60.66	12.99	3	4	45	0.38	142.83164486	240.81332505	134.33338531
3.31	60.58	13.55	3	4	125	0.28	142.83164486	240.81332505	134.33338531
3.68	60.69	13.9	3	5	75	0.33	140.07582086	237.28644149	132.25635428
3.7	60.68	13.9	3	5	95	0.31	140.07582086	237.28644149	132.25635428
3.95	60.65	14.64	3	5	9	0.33	140.07582086	237.28644149	132.25635428
3.65	60.64	14.64	3	5	115	0.31	140.07582086	237.28644149	132.25635428
4.13	61.01	12.59	3	1	6	0.35	153.0696024	237.54346134	141.03227818
3.43	61.09	13.69	2	5	135	0.36	126.1967487	212.92667081	120.23078123
3.44	61.08	13.7	2	5	145	0.38	126.1967487	212.92667081	120.23078123
3.51	60.95	14.07	3	4	65	0.35	126.1967487	212.92667081	120.23078123
3.57	61.15	14.81	3	5	35	0.39	138.0339409	221.69390363	125.37657882
3.81	61.14	14.81	3	5	65	0.39	138.0339409	221.69390363	125.37657882
4.1	62.99	14.5	3	5	125	0.25	81.18971635	106.50617205	54.45813192
4.93	63.48	14.48	2	7	6	0.26	81.18971635	106.50617205	54.45813192
3.73	60.36	13.38	3	5	175	0.38	164.92107349	269.89940528	142.5105255
3.64	60.36	13.38	3	5	155	0.38	164.92107349	269.89940528	142.5105255
3.81	60.32	14.11	3	4	75	0.38	164.92107349	269.89940528	142.5105255
3.51	60.8	13.35	3	5	75	0.23	129.38093912	210.81339645	113.81256822
4.04	60.84	12.61	3	3	18	0.25	154.85446251	235.98706333	131.24590675
3.34	61.36	13.68	3	4	105	0.22	103.97881014	168.47651481	93.566193669
3.68	61.42	14.8	3	5	95	0.22	103.1934717	176.81538121	97.084048027
3.72	61.86	14.78	3	4	105	0.27	90.556662169	153.54080547	81.546857945
3.54	61.86	14.78	2	5	135	0.27	90.556662169	153.54080547	81.546857945
3.62	61.95	14.69	3	4	125	0.3	90.071180221	150.88493364	76.631841572
4.12	62.39	14.43	3	5	125	0.23	71.537192915	121.81313229	59.878372057
4.26	63.3	14.39	3	4	125	0.21	81.446736205	106.4633354	51.482925308
3.46	60.19	14.29	3	5	75	0.28	207.44358057	315.03494756	160.31186652
3.85	60.65	12.63	3	6	40	0.38	152.19859067	237.67197127	120.69858101
3.77	60.76	12.98	3	3	20	0.21	152.19859067	237.67197127	120.69858101
3.77	60.75	12.98	3	5	25	0.23	152.19859067	237.67197127	120.69858101
3.74	60.63	13.36	3	3	22	0.28	152.19859067	237.67197127	120.69858101
3.81	60.63	13.36	3	5	14	0.28	152.19859067	237.67197127	120.69858101
3.57	60.73	13.72	3	5	125	0.35	132.56512955	208.70012208	107.39435522
3.54	61.15	12.76	3	5	125	0.21	129.09536151	200.40409233	105.90987058
3.49	61.48	13.1	3	5	145	0.25	129.09536151	200.40409233	105.90987058
3.76	62	14.49	3	4	135	0.23	89.585698273	148.22906181	71.716825199
3.48	61.99	14.49	3	3	8	0.26	89.585698273	148.22906181	71.716825199
5.51	62.53	14.72	3	5	75	0.23	69.966516024	119.48567471	55.543427413
3.99	63.33	14.19	3	7	155	0.26	81.70375606	106.42049876	48.507718696
3.71	60.8	12.79	3	6	95	0.25	156.88206358	236.10129438	113.88117886
4.14	60.79	12.8	3	4	75	0.35	156.88206358	236.10129438	113.88117886
3.49	60.77	13.53	3	4	20	0.38	135.74931997	206.58684772	100.97614221
3.5	60.76	13.53	3	5	125	0.39	135.74931997	206.58684772	100.97614221
3.41	61.22	13.5	3	4	105	0.28	129.19531367	197.97668259	97.084048027
3.56	61.19	14.25	3	4	105	0.35	122.65558626	189.23800752	94.439419928
3.37	61.28	14.61	3	4	135	0.28	122.65558626	189.23800752	94.439419928
3.75	61.32	13.87	3	4	65	0.23	122.65558626	189.23800752	94.439419928
3.81	61.31	13.87	3	5	30	0.27	122.65558626	189.23800752	94.439419928
3.67	61.77	14.79	3	1	85	0.25	110.07589225	174.64499133	88.85077187
3.19	62.41	14.86	3	1	135	0.32	82.674719955	136.22052304	64.182130048
6.38	63.3	14.83	3	6	40	0.21	81.960775914	106.37766212	45.532512085
3.73	60.16	14.48	3	5	85	0.31	220.60870869	306.63896564	141.77452051
4.11	60.62	12.81	3	5	145	0.33	161.56553649	234.53061749	107.0637767
4	60.61	12.81	3	5	6	0.3	161.56553649	234.53061749	107.0637767
3.63	60.54	13.37	3	4	115	0.33	161.56553649	234.53061749	107.0637767
3.41	60.7	14.82	2	6	95	0.35	155.49701214	227.7481491	106.2841104
3.7	60.69	14.82	1	6	16	0.38	155.49701214	227.7481491	106.2841104
4.04	60.97	12.41	3	3	75	0.27	160.20904282	231.31786931	101.88679245
3.44	61.07	12.77	3	3	105	0.22	160.20904282	231.31786931	101.88679245
3.84	61.04	13.51	2	5	10	0.23	138.93351039	204.47357336	94.557929206
3.7	61.13	13.88	3	5	135	0.31	138.93351039	204.47357336	94.557929206
4.59	61.01	14.26	2	6	95	0.32	124.36905195	186.12521151	88.289412132
3.38	61.43	13.3	2	5	3	0.23	129.29526584	195.54927285	88.258225479
3.54	61.59	14.79	3	4	65	0.27	113.51710253	173.55979638	84.734133791
3.71	61.62	13.28	3	4	125	0.21	95.44003941	155.41133886	63.545922345
3.21	62	14.93	2	6	105	0.25	74.164506986	131.05156818	54.302198659
3.29	61.99	14.93	3	5	125	0.22	74.164506986	131.05156818	54.302198659
3.55	62.48	14.91	3	5	125	0.33	63.483904132	113.58849693	44.659285826
4.34	62.79	14.41	1	8	4	0.23	63.483904132	113.58849693	44.659285826
3.62	62.9	14.9	3	6	95	0.27	61.142167677	104.52140761	41.958521753
4.79	63.38	14.89	2	7	25	0.27	58.94322003	94.540469918	39.326368314
3.64	60.28	13.75	3	5	105	0.39	159.98058072	245.75381782	102.11757368
3.36	60.59	13.18	1	5	125	0.38	144.57366832	220.93712295	90.522376423
3.83	60.67	13.54	3	5	10	0.35	144.57366832	220.93712295	90.522376423
3.32	60.65	14.27	3	4	145	0.38	140.0472631	216.18225563	90.91532824
3.76	61.18	13.69	1	6	125	0.27	126.02540213	194.07854812	80.349290504
3.16	61.17	13.69	2	6	125	0.27	126.02540213	194.07854812	80.349290504
3.77	61.05	14.07	3	5	18	0.26	126.02540213	194.07854812	80.349290504
4.28	61.04	14.07	3	5	7	0.25	126.02540213	194.07854812	80.349290504
